Some((
    red: 0.766515,
    green: 0.0044267774,
    blue: 0.7538134,
))